-4.45
-7.707626093999999
0.0
0.0
-7.707626093999999
0.0
4.45
-7.707626093999999
0.0
-6.675000000000001
-3.853813046999999
0.0
-2.225
-3.853813046999999
0.0
2.2250000000000005
-3.853813046999999
0.0
6.675000000000002
-3.853813046999999
0.0
-8.9
8.881784197001252e-16
0.0
-4.45
8.881784197001252e-16
0.0
0.0
8.881784197001252e-16
0.0
4.450000000000002
8.881784197001252e-16
0.0
8.900000000000002
8.881784197001252e-16
0.0
6.675
3.853813047000002
0.0
2.2250000000000005
3.853813047000002
0.0
-2.2250000000000005
3.853813047000002
0.0
-6.675000000000001
3.853813047000002
0.0
4.45
7.707626094000001
0.0
8.881784197001252e-16
7.707626094000001
0.0
-4.45
7.707626094000001
0.0
0.00000
0.00000
0.00000
0.00000
0.00000
0.00000
0.00000
0.00000
0.00000
0.00000
0.00000
0.00000
0.00000
0.00000
0.00000
0.00000
0.00000
0.00000
0.00000
0.00000
0.00000
0.00000
0.00000
0.00000
0.00000
0.00000
0.00000
0.00000
0.00000
0.00000
0.00000
0.00000
0.00000
0.00000
0.00000
0.00000
0.00000
0.00000
0.00000
0.00000
0.00000
0.00000
0.00000
0.00000
0.00000
0.00000
0.00000
0.00000
0.00000
0.00000
0.00000
0.00000
0.00000
0.00000
0.00000
0.00000
0.00000
0.00000
0.00000
0.00000
0.00000
0.00000
0.00000
